browser position chr6:161990246-161990559

track type=bedGraph name="HNRNPA1(Hs/Mm)" description="RBPmap results for HNRNPA1(Hs/Mm), motifs: duagggw,guaguagu,rgnyag" visibility=dense color=105,18,89 maxHeightPixels=30 autoScale=off viewLimits=0:5 windowingFunction=maximum yLineOnOff=on yLineMark=1.6
chr6 161990245 161990246 0
chr6 161990246 161990247 0
chr6 161990247 161990248 0
chr6 161990248 161990249 0
chr6 161990249 161990250 0
chr6 161990250 161990251 0
chr6 161990251 161990252 0
chr6 161990252 161990253 0
chr6 161990253 161990254 0
chr6 161990254 161990255 0
chr6 161990255 161990256 0
chr6 161990256 161990257 0
chr6 161990257 161990258 0
chr6 161990258 161990259 0
chr6 161990259 161990260 0
chr6 161990260 161990261 0
chr6 161990261 161990262 0
chr6 161990262 161990263 0
chr6 161990263 161990264 0
chr6 161990264 161990265 0
chr6 161990265 161990266 0
chr6 161990266 161990267 0
chr6 161990267 161990268 0
chr6 161990268 161990269 0
chr6 161990269 161990270 0
chr6 161990270 161990271 0
chr6 161990271 161990272 0
chr6 161990272 161990273 0
chr6 161990273 161990274 0
chr6 161990274 161990275 0
chr6 161990275 161990276 0
chr6 161990276 161990277 0
chr6 161990277 161990278 0
chr6 161990278 161990279 0
chr6 161990279 161990280 0
chr6 161990280 161990281 0
chr6 161990281 161990282 0
chr6 161990282 161990283 0
chr6 161990283 161990284 0
chr6 161990284 161990285 0
chr6 161990285 161990286 0
chr6 161990286 161990287 0
chr6 161990287 161990288 0
chr6 161990288 161990289 0
chr6 161990289 161990290 0
chr6 161990290 161990291 0
chr6 161990291 161990292 0
chr6 161990292 161990293 0
chr6 161990293 161990294 0
chr6 161990294 161990295 0
chr6 161990295 161990296 0
chr6 161990296 161990297 0
chr6 161990297 161990298 0
chr6 161990298 161990299 0
chr6 161990299 161990300 0
chr6 161990300 161990301 0
chr6 161990301 161990302 0
chr6 161990302 161990303 0
chr6 161990303 161990304 0
chr6 161990304 161990305 0
chr6 161990305 161990306 0
chr6 161990306 161990307 0
chr6 161990307 161990308 0
chr6 161990308 161990309 0
chr6 161990309 161990310 0
chr6 161990310 161990311 0
chr6 161990311 161990312 0
chr6 161990312 161990313 0
chr6 161990313 161990314 0
chr6 161990314 161990315 0
chr6 161990315 161990316 0
chr6 161990316 161990317 0
chr6 161990317 161990318 0
chr6 161990318 161990319 0
chr6 161990319 161990320 0
chr6 161990320 161990321 0
chr6 161990321 161990322 0
chr6 161990322 161990323 0
chr6 161990323 161990324 0
chr6 161990324 161990325 0
chr6 161990325 161990326 0
chr6 161990326 161990327 0
chr6 161990327 161990328 0
chr6 161990328 161990329 0
chr6 161990329 161990330 0
chr6 161990330 161990331 2.648
chr6 161990331 161990332 0
chr6 161990332 161990333 0
chr6 161990333 161990334 0
chr6 161990334 161990335 0
chr6 161990335 161990336 0
chr6 161990336 161990337 0
chr6 161990337 161990338 0
chr6 161990338 161990339 0
chr6 161990339 161990340 0
chr6 161990340 161990341 0
chr6 161990341 161990342 0
chr6 161990342 161990343 0
chr6 161990343 161990344 0
chr6 161990344 161990345 0
chr6 161990345 161990346 0
chr6 161990346 161990347 0
chr6 161990347 161990348 0
chr6 161990348 161990349 0
chr6 161990349 161990350 0
chr6 161990350 161990351 0
chr6 161990351 161990352 0
chr6 161990352 161990353 0
chr6 161990353 161990354 0
chr6 161990354 161990355 0
chr6 161990355 161990356 0
chr6 161990356 161990357 0
chr6 161990357 161990358 0
chr6 161990358 161990359 0
chr6 161990359 161990360 0
chr6 161990360 161990361 0
chr6 161990361 161990362 0
chr6 161990362 161990363 0
chr6 161990363 161990364 0
chr6 161990364 161990365 0
chr6 161990365 161990366 0
chr6 161990366 161990367 0
chr6 161990367 161990368 0
chr6 161990368 161990369 0
chr6 161990369 161990370 0
chr6 161990370 161990371 0
chr6 161990371 161990372 0
chr6 161990372 161990373 0
chr6 161990373 161990374 0
chr6 161990374 161990375 0
chr6 161990375 161990376 0
chr6 161990376 161990377 0
chr6 161990377 161990378 0
chr6 161990378 161990379 0
chr6 161990379 161990380 0
chr6 161990380 161990381 0
chr6 161990381 161990382 0
chr6 161990382 161990383 0
chr6 161990383 161990384 0
chr6 161990384 161990385 0
chr6 161990385 161990386 0
chr6 161990386 161990387 0
chr6 161990387 161990388 0
chr6 161990388 161990389 0
chr6 161990389 161990390 0
chr6 161990390 161990391 0
chr6 161990391 161990392 0
chr6 161990392 161990393 0
chr6 161990393 161990394 0
chr6 161990394 161990395 0
chr6 161990395 161990396 0
chr6 161990396 161990397 0
chr6 161990397 161990398 0
chr6 161990398 161990399 0
chr6 161990399 161990400 0
chr6 161990400 161990401 0
chr6 161990401 161990402 0
chr6 161990402 161990403 0
chr6 161990403 161990404 0
chr6 161990404 161990405 0
chr6 161990405 161990406 0
chr6 161990406 161990407 0
chr6 161990407 161990408 0
chr6 161990408 161990409 0
chr6 161990409 161990410 0
chr6 161990410 161990411 0
chr6 161990411 161990412 0
chr6 161990412 161990413 0
chr6 161990413 161990414 0
chr6 161990414 161990415 0
chr6 161990415 161990416 0
chr6 161990416 161990417 0
chr6 161990417 161990418 0
chr6 161990418 161990419 0
chr6 161990419 161990420 0
chr6 161990420 161990421 0
chr6 161990421 161990422 0
chr6 161990422 161990423 0
chr6 161990423 161990424 0
chr6 161990424 161990425 0
chr6 161990425 161990426 0
chr6 161990426 161990427 0
chr6 161990427 161990428 0
chr6 161990428 161990429 0
chr6 161990429 161990430 0
chr6 161990430 161990431 0
chr6 161990431 161990432 0
chr6 161990432 161990433 0
chr6 161990433 161990434 0
chr6 161990434 161990435 0
chr6 161990435 161990436 0
chr6 161990436 161990437 0
chr6 161990437 161990438 0
chr6 161990438 161990439 0
chr6 161990439 161990440 0
chr6 161990440 161990441 0
chr6 161990441 161990442 0
chr6 161990442 161990443 0
chr6 161990443 161990444 0
chr6 161990444 161990445 0
chr6 161990445 161990446 0
chr6 161990446 161990447 0
chr6 161990447 161990448 0
chr6 161990448 161990449 0
chr6 161990449 161990450 0
chr6 161990450 161990451 0
chr6 161990451 161990452 0
chr6 161990452 161990453 0
chr6 161990453 161990454 0
chr6 161990454 161990455 0
chr6 161990455 161990456 0
chr6 161990456 161990457 0
chr6 161990457 161990458 0
chr6 161990458 161990459 0
chr6 161990459 161990460 0
chr6 161990460 161990461 0
chr6 161990461 161990462 0
chr6 161990462 161990463 0
chr6 161990463 161990464 0
chr6 161990464 161990465 0
chr6 161990465 161990466 0
chr6 161990466 161990467 0
chr6 161990467 161990468 0
chr6 161990468 161990469 0
chr6 161990469 161990470 0
chr6 161990470 161990471 0
chr6 161990471 161990472 0
chr6 161990472 161990473 0
chr6 161990473 161990474 0
chr6 161990474 161990475 0
chr6 161990475 161990476 0
chr6 161990476 161990477 0
chr6 161990477 161990478 0
chr6 161990478 161990479 0
chr6 161990479 161990480 0
chr6 161990480 161990481 0
chr6 161990481 161990482 0
chr6 161990482 161990483 0
chr6 161990483 161990484 0
chr6 161990484 161990485 0
chr6 161990485 161990486 0
chr6 161990486 161990487 0
chr6 161990487 161990488 0
chr6 161990488 161990489 0
chr6 161990489 161990490 0
chr6 161990490 161990491 0
chr6 161990491 161990492 0
chr6 161990492 161990493 0
chr6 161990493 161990494 0
chr6 161990494 161990495 0
chr6 161990495 161990496 0
chr6 161990496 161990497 0
chr6 161990497 161990498 0
chr6 161990498 161990499 0
chr6 161990499 161990500 0
chr6 161990500 161990501 0
chr6 161990501 161990502 0
chr6 161990502 161990503 0
chr6 161990503 161990504 0
chr6 161990504 161990505 0
chr6 161990505 161990506 0
chr6 161990506 161990507 0
chr6 161990507 161990508 0
chr6 161990508 161990509 0
chr6 161990509 161990510 0
chr6 161990510 161990511 0
chr6 161990511 161990512 0
chr6 161990512 161990513 0
chr6 161990513 161990514 0
chr6 161990514 161990515 0
chr6 161990515 161990516 0
chr6 161990516 161990517 0
chr6 161990517 161990518 0
chr6 161990518 161990519 0
chr6 161990519 161990520 0
chr6 161990520 161990521 0
chr6 161990521 161990522 0
chr6 161990522 161990523 0
chr6 161990523 161990524 0
chr6 161990524 161990525 0
chr6 161990525 161990526 0
chr6 161990526 161990527 0
chr6 161990527 161990528 0
chr6 161990528 161990529 0
chr6 161990529 161990530 0
chr6 161990530 161990531 0
chr6 161990531 161990532 0
chr6 161990532 161990533 0
chr6 161990533 161990534 0
chr6 161990534 161990535 0
chr6 161990535 161990536 0
chr6 161990536 161990537 0
chr6 161990537 161990538 0
chr6 161990538 161990539 0
chr6 161990539 161990540 0
chr6 161990540 161990541 0
chr6 161990541 161990542 0
chr6 161990542 161990543 0
chr6 161990543 161990544 0
chr6 161990544 161990545 0
chr6 161990545 161990546 0
chr6 161990546 161990547 0
chr6 161990547 161990548 0
chr6 161990548 161990549 0
chr6 161990549 161990550 0
chr6 161990550 161990551 0
chr6 161990551 161990552 0
chr6 161990552 161990553 0
chr6 161990553 161990554 0
chr6 161990554 161990555 0
chr6 161990555 161990556 0
chr6 161990556 161990557 0
chr6 161990557 161990558 0
chr6 161990558 161990559 0

track type=bedGraph name="HNRNPA2B1(Hs/Mm)" description="RBPmap results for HNRNPA2B1(Hs/Mm), motifs: duagggw,gguaguag,aggwuhgr" visibility=dense color=169,48,130 maxHeightPixels=30 autoScale=off viewLimits=0:5 windowingFunction=maximum yLineOnOff=on yLineMark=1.6
chr6 161990245 161990246 0
chr6 161990246 161990247 0
chr6 161990247 161990248 0
chr6 161990248 161990249 0
chr6 161990249 161990250 0
chr6 161990250 161990251 0
chr6 161990251 161990252 0
chr6 161990252 161990253 0
chr6 161990253 161990254 0
chr6 161990254 161990255 0
chr6 161990255 161990256 0
chr6 161990256 161990257 0
chr6 161990257 161990258 0
chr6 161990258 161990259 0
chr6 161990259 161990260 0
chr6 161990260 161990261 0
chr6 161990261 161990262 0
chr6 161990262 161990263 0
chr6 161990263 161990264 0
chr6 161990264 161990265 0
chr6 161990265 161990266 0
chr6 161990266 161990267 0
chr6 161990267 161990268 0
chr6 161990268 161990269 0
chr6 161990269 161990270 0
chr6 161990270 161990271 0
chr6 161990271 161990272 0
chr6 161990272 161990273 0
chr6 161990273 161990274 0
chr6 161990274 161990275 0
chr6 161990275 161990276 0
chr6 161990276 161990277 0
chr6 161990277 161990278 0
chr6 161990278 161990279 0
chr6 161990279 161990280 0
chr6 161990280 161990281 0
chr6 161990281 161990282 0
chr6 161990282 161990283 0
chr6 161990283 161990284 0
chr6 161990284 161990285 0
chr6 161990285 161990286 0
chr6 161990286 161990287 0
chr6 161990287 161990288 0
chr6 161990288 161990289 0
chr6 161990289 161990290 0
chr6 161990290 161990291 0
chr6 161990291 161990292 0
chr6 161990292 161990293 0
chr6 161990293 161990294 0
chr6 161990294 161990295 0
chr6 161990295 161990296 0
chr6 161990296 161990297 0
chr6 161990297 161990298 0
chr6 161990298 161990299 0
chr6 161990299 161990300 0
chr6 161990300 161990301 0
chr6 161990301 161990302 0
chr6 161990302 161990303 0
chr6 161990303 161990304 0
chr6 161990304 161990305 0
chr6 161990305 161990306 0
chr6 161990306 161990307 0
chr6 161990307 161990308 0
chr6 161990308 161990309 0
chr6 161990309 161990310 0
chr6 161990310 161990311 0
chr6 161990311 161990312 0
chr6 161990312 161990313 0
chr6 161990313 161990314 0
chr6 161990314 161990315 0
chr6 161990315 161990316 0
chr6 161990316 161990317 0
chr6 161990317 161990318 0
chr6 161990318 161990319 0
chr6 161990319 161990320 0
chr6 161990320 161990321 0
chr6 161990321 161990322 0
chr6 161990322 161990323 0
chr6 161990323 161990324 0
chr6 161990324 161990325 0
chr6 161990325 161990326 0
chr6 161990326 161990327 0
chr6 161990327 161990328 0
chr6 161990328 161990329 0
chr6 161990329 161990330 0
chr6 161990330 161990331 0
chr6 161990331 161990332 0
chr6 161990332 161990333 0
chr6 161990333 161990334 0
chr6 161990334 161990335 0
chr6 161990335 161990336 0
chr6 161990336 161990337 0
chr6 161990337 161990338 0
chr6 161990338 161990339 0
chr6 161990339 161990340 0
chr6 161990340 161990341 0
chr6 161990341 161990342 0
chr6 161990342 161990343 0
chr6 161990343 161990344 0
chr6 161990344 161990345 0
chr6 161990345 161990346 0
chr6 161990346 161990347 2.509
chr6 161990347 161990348 0
chr6 161990348 161990349 0
chr6 161990349 161990350 0
chr6 161990350 161990351 0
chr6 161990351 161990352 0
chr6 161990352 161990353 0
chr6 161990353 161990354 0
chr6 161990354 161990355 0
chr6 161990355 161990356 0
chr6 161990356 161990357 0
chr6 161990357 161990358 0
chr6 161990358 161990359 0
chr6 161990359 161990360 0
chr6 161990360 161990361 0
chr6 161990361 161990362 0
chr6 161990362 161990363 0
chr6 161990363 161990364 0
chr6 161990364 161990365 0
chr6 161990365 161990366 0
chr6 161990366 161990367 0
chr6 161990367 161990368 0
chr6 161990368 161990369 0
chr6 161990369 161990370 0
chr6 161990370 161990371 0
chr6 161990371 161990372 0
chr6 161990372 161990373 0
chr6 161990373 161990374 0
chr6 161990374 161990375 0
chr6 161990375 161990376 0
chr6 161990376 161990377 0
chr6 161990377 161990378 0
chr6 161990378 161990379 0
chr6 161990379 161990380 0
chr6 161990380 161990381 0
chr6 161990381 161990382 0
chr6 161990382 161990383 0
chr6 161990383 161990384 0
chr6 161990384 161990385 0
chr6 161990385 161990386 0
chr6 161990386 161990387 0
chr6 161990387 161990388 0
chr6 161990388 161990389 0
chr6 161990389 161990390 0
chr6 161990390 161990391 0
chr6 161990391 161990392 0
chr6 161990392 161990393 0
chr6 161990393 161990394 0
chr6 161990394 161990395 0
chr6 161990395 161990396 0
chr6 161990396 161990397 0
chr6 161990397 161990398 0
chr6 161990398 161990399 0
chr6 161990399 161990400 0
chr6 161990400 161990401 0
chr6 161990401 161990402 0
chr6 161990402 161990403 0
chr6 161990403 161990404 0
chr6 161990404 161990405 0
chr6 161990405 161990406 0
chr6 161990406 161990407 0
chr6 161990407 161990408 0
chr6 161990408 161990409 0
chr6 161990409 161990410 0
chr6 161990410 161990411 0
chr6 161990411 161990412 0
chr6 161990412 161990413 0
chr6 161990413 161990414 0
chr6 161990414 161990415 0
chr6 161990415 161990416 0
chr6 161990416 161990417 0
chr6 161990417 161990418 0
chr6 161990418 161990419 0
chr6 161990419 161990420 0
chr6 161990420 161990421 0
chr6 161990421 161990422 0
chr6 161990422 161990423 0
chr6 161990423 161990424 0
chr6 161990424 161990425 0
chr6 161990425 161990426 0
chr6 161990426 161990427 0
chr6 161990427 161990428 0
chr6 161990428 161990429 0
chr6 161990429 161990430 0
chr6 161990430 161990431 0
chr6 161990431 161990432 0
chr6 161990432 161990433 0
chr6 161990433 161990434 0
chr6 161990434 161990435 0
chr6 161990435 161990436 0
chr6 161990436 161990437 0
chr6 161990437 161990438 0
chr6 161990438 161990439 0
chr6 161990439 161990440 0
chr6 161990440 161990441 0
chr6 161990441 161990442 0
chr6 161990442 161990443 0
chr6 161990443 161990444 0
chr6 161990444 161990445 0
chr6 161990445 161990446 0
chr6 161990446 161990447 0
chr6 161990447 161990448 0
chr6 161990448 161990449 0
chr6 161990449 161990450 0
chr6 161990450 161990451 0
chr6 161990451 161990452 0
chr6 161990452 161990453 0
chr6 161990453 161990454 0
chr6 161990454 161990455 0
chr6 161990455 161990456 0
chr6 161990456 161990457 0
chr6 161990457 161990458 0
chr6 161990458 161990459 0
chr6 161990459 161990460 0
chr6 161990460 161990461 0
chr6 161990461 161990462 0
chr6 161990462 161990463 0
chr6 161990463 161990464 0
chr6 161990464 161990465 0
chr6 161990465 161990466 0
chr6 161990466 161990467 0
chr6 161990467 161990468 0
chr6 161990468 161990469 0
chr6 161990469 161990470 0
chr6 161990470 161990471 0
chr6 161990471 161990472 0
chr6 161990472 161990473 0
chr6 161990473 161990474 0
chr6 161990474 161990475 0
chr6 161990475 161990476 0
chr6 161990476 161990477 0
chr6 161990477 161990478 0
chr6 161990478 161990479 0
chr6 161990479 161990480 0
chr6 161990480 161990481 0
chr6 161990481 161990482 0
chr6 161990482 161990483 0
chr6 161990483 161990484 0
chr6 161990484 161990485 0
chr6 161990485 161990486 0
chr6 161990486 161990487 0
chr6 161990487 161990488 0
chr6 161990488 161990489 0
chr6 161990489 161990490 0
chr6 161990490 161990491 0
chr6 161990491 161990492 0
chr6 161990492 161990493 0
chr6 161990493 161990494 0
chr6 161990494 161990495 0
chr6 161990495 161990496 0
chr6 161990496 161990497 0
chr6 161990497 161990498 0
chr6 161990498 161990499 0
chr6 161990499 161990500 0
chr6 161990500 161990501 0
chr6 161990501 161990502 0
chr6 161990502 161990503 0
chr6 161990503 161990504 0
chr6 161990504 161990505 0
chr6 161990505 161990506 0
chr6 161990506 161990507 0
chr6 161990507 161990508 0
chr6 161990508 161990509 0
chr6 161990509 161990510 0
chr6 161990510 161990511 0
chr6 161990511 161990512 0
chr6 161990512 161990513 0
chr6 161990513 161990514 0
chr6 161990514 161990515 0
chr6 161990515 161990516 0
chr6 161990516 161990517 0
chr6 161990517 161990518 0
chr6 161990518 161990519 0
chr6 161990519 161990520 0
chr6 161990520 161990521 0
chr6 161990521 161990522 0
chr6 161990522 161990523 0
chr6 161990523 161990524 0
chr6 161990524 161990525 0
chr6 161990525 161990526 0
chr6 161990526 161990527 0
chr6 161990527 161990528 0
chr6 161990528 161990529 0
chr6 161990529 161990530 0
chr6 161990530 161990531 0
chr6 161990531 161990532 0
chr6 161990532 161990533 0
chr6 161990533 161990534 0
chr6 161990534 161990535 0
chr6 161990535 161990536 0
chr6 161990536 161990537 0
chr6 161990537 161990538 0
chr6 161990538 161990539 0
chr6 161990539 161990540 0
chr6 161990540 161990541 0
chr6 161990541 161990542 0
chr6 161990542 161990543 0
chr6 161990543 161990544 0
chr6 161990544 161990545 0
chr6 161990545 161990546 0
chr6 161990546 161990547 0
chr6 161990547 161990548 0
chr6 161990548 161990549 0
chr6 161990549 161990550 0
chr6 161990550 161990551 0
chr6 161990551 161990552 0
chr6 161990552 161990553 0
chr6 161990553 161990554 0
chr6 161990554 161990555 0
chr6 161990555 161990556 0
chr6 161990556 161990557 0
chr6 161990557 161990558 0
chr6 161990558 161990559 0

track type=bedGraph name="HNRNPC(Hs/Mm)" description="RBPmap results for HNRNPC(Hs/Mm), motif: huuuuuk" visibility=dense color=180,79,183 maxHeightPixels=30 autoScale=off viewLimits=0:5 windowingFunction=maximum yLineOnOff=on yLineMark=1.6
chr6 161990245 161990246 0
chr6 161990246 161990247 0
chr6 161990247 161990248 0
chr6 161990248 161990249 0
chr6 161990249 161990250 0
chr6 161990250 161990251 0
chr6 161990251 161990252 0
chr6 161990252 161990253 0
chr6 161990253 161990254 0
chr6 161990254 161990255 0
chr6 161990255 161990256 0
chr6 161990256 161990257 0
chr6 161990257 161990258 0
chr6 161990258 161990259 0
chr6 161990259 161990260 0
chr6 161990260 161990261 0
chr6 161990261 161990262 0
chr6 161990262 161990263 0
chr6 161990263 161990264 0
chr6 161990264 161990265 0
chr6 161990265 161990266 0
chr6 161990266 161990267 0
chr6 161990267 161990268 0
chr6 161990268 161990269 0
chr6 161990269 161990270 0
chr6 161990270 161990271 0
chr6 161990271 161990272 0
chr6 161990272 161990273 0
chr6 161990273 161990274 0
chr6 161990274 161990275 0
chr6 161990275 161990276 0
chr6 161990276 161990277 0
chr6 161990277 161990278 0
chr6 161990278 161990279 0
chr6 161990279 161990280 0
chr6 161990280 161990281 0
chr6 161990281 161990282 0
chr6 161990282 161990283 0
chr6 161990283 161990284 0
chr6 161990284 161990285 0
chr6 161990285 161990286 0
chr6 161990286 161990287 0
chr6 161990287 161990288 0
chr6 161990288 161990289 0
chr6 161990289 161990290 0
chr6 161990290 161990291 0
chr6 161990291 161990292 0
chr6 161990292 161990293 0
chr6 161990293 161990294 0
chr6 161990294 161990295 0
chr6 161990295 161990296 0
chr6 161990296 161990297 0
chr6 161990297 161990298 0
chr6 161990298 161990299 0
chr6 161990299 161990300 0
chr6 161990300 161990301 0
chr6 161990301 161990302 0
chr6 161990302 161990303 0
chr6 161990303 161990304 0
chr6 161990304 161990305 0
chr6 161990305 161990306 0
chr6 161990306 161990307 0
chr6 161990307 161990308 0
chr6 161990308 161990309 0
chr6 161990309 161990310 0
chr6 161990310 161990311 0
chr6 161990311 161990312 0
chr6 161990312 161990313 0
chr6 161990313 161990314 0
chr6 161990314 161990315 0
chr6 161990315 161990316 0
chr6 161990316 161990317 0
chr6 161990317 161990318 0
chr6 161990318 161990319 0
chr6 161990319 161990320 0
chr6 161990320 161990321 0
chr6 161990321 161990322 0
chr6 161990322 161990323 0
chr6 161990323 161990324 0
chr6 161990324 161990325 0
chr6 161990325 161990326 0
chr6 161990326 161990327 0
chr6 161990327 161990328 0
chr6 161990328 161990329 0
chr6 161990329 161990330 0
chr6 161990330 161990331 0
chr6 161990331 161990332 0
chr6 161990332 161990333 0
chr6 161990333 161990334 0
chr6 161990334 161990335 0
chr6 161990335 161990336 0
chr6 161990336 161990337 0
chr6 161990337 161990338 0
chr6 161990338 161990339 0
chr6 161990339 161990340 0
chr6 161990340 161990341 0
chr6 161990341 161990342 0
chr6 161990342 161990343 0
chr6 161990343 161990344 0
chr6 161990344 161990345 0
chr6 161990345 161990346 0
chr6 161990346 161990347 0
chr6 161990347 161990348 0
chr6 161990348 161990349 0
chr6 161990349 161990350 0
chr6 161990350 161990351 0
chr6 161990351 161990352 0
chr6 161990352 161990353 0
chr6 161990353 161990354 0
chr6 161990354 161990355 0
chr6 161990355 161990356 0
chr6 161990356 161990357 0
chr6 161990357 161990358 0
chr6 161990358 161990359 0
chr6 161990359 161990360 0
chr6 161990360 161990361 0
chr6 161990361 161990362 0
chr6 161990362 161990363 0
chr6 161990363 161990364 0
chr6 161990364 161990365 0
chr6 161990365 161990366 0
chr6 161990366 161990367 0
chr6 161990367 161990368 0
chr6 161990368 161990369 0
chr6 161990369 161990370 0
chr6 161990370 161990371 0
chr6 161990371 161990372 0
chr6 161990372 161990373 0
chr6 161990373 161990374 0
chr6 161990374 161990375 0
chr6 161990375 161990376 0
chr6 161990376 161990377 0
chr6 161990377 161990378 0
chr6 161990378 161990379 0
chr6 161990379 161990380 0
chr6 161990380 161990381 0
chr6 161990381 161990382 0
chr6 161990382 161990383 0
chr6 161990383 161990384 0
chr6 161990384 161990385 0
chr6 161990385 161990386 0
chr6 161990386 161990387 0
chr6 161990387 161990388 0
chr6 161990388 161990389 0
chr6 161990389 161990390 0
chr6 161990390 161990391 0
chr6 161990391 161990392 0
chr6 161990392 161990393 0
chr6 161990393 161990394 0
chr6 161990394 161990395 0
chr6 161990395 161990396 0
chr6 161990396 161990397 0
chr6 161990397 161990398 0
chr6 161990398 161990399 0
chr6 161990399 161990400 0
chr6 161990400 161990401 0
chr6 161990401 161990402 0
chr6 161990402 161990403 0
chr6 161990403 161990404 0
chr6 161990404 161990405 0
chr6 161990405 161990406 0
chr6 161990406 161990407 0
chr6 161990407 161990408 0
chr6 161990408 161990409 0
chr6 161990409 161990410 0
chr6 161990410 161990411 0
chr6 161990411 161990412 0
chr6 161990412 161990413 0
chr6 161990413 161990414 0
chr6 161990414 161990415 0
chr6 161990415 161990416 0
chr6 161990416 161990417 0
chr6 161990417 161990418 0
chr6 161990418 161990419 0
chr6 161990419 161990420 0
chr6 161990420 161990421 0
chr6 161990421 161990422 0
chr6 161990422 161990423 0
chr6 161990423 161990424 0
chr6 161990424 161990425 0
chr6 161990425 161990426 0
chr6 161990426 161990427 0
chr6 161990427 161990428 0
chr6 161990428 161990429 0
chr6 161990429 161990430 0
chr6 161990430 161990431 0
chr6 161990431 161990432 0
chr6 161990432 161990433 0
chr6 161990433 161990434 0
chr6 161990434 161990435 0
chr6 161990435 161990436 0
chr6 161990436 161990437 0
chr6 161990437 161990438 0
chr6 161990438 161990439 0
chr6 161990439 161990440 0
chr6 161990440 161990441 0
chr6 161990441 161990442 0
chr6 161990442 161990443 0
chr6 161990443 161990444 0
chr6 161990444 161990445 0
chr6 161990445 161990446 0
chr6 161990446 161990447 0
chr6 161990447 161990448 0
chr6 161990448 161990449 0
chr6 161990449 161990450 0
chr6 161990450 161990451 0
chr6 161990451 161990452 0
chr6 161990452 161990453 0
chr6 161990453 161990454 0
chr6 161990454 161990455 0
chr6 161990455 161990456 0
chr6 161990456 161990457 0
chr6 161990457 161990458 0
chr6 161990458 161990459 0
chr6 161990459 161990460 0
chr6 161990460 161990461 0
chr6 161990461 161990462 1.899
chr6 161990462 161990463 0
chr6 161990463 161990464 0
chr6 161990464 161990465 1.899
chr6 161990465 161990466 0
chr6 161990466 161990467 0
chr6 161990467 161990468 0
chr6 161990468 161990469 0
chr6 161990469 161990470 0
chr6 161990470 161990471 0
chr6 161990471 161990472 0
chr6 161990472 161990473 0
chr6 161990473 161990474 0
chr6 161990474 161990475 0
chr6 161990475 161990476 0
chr6 161990476 161990477 1.891
chr6 161990477 161990478 2.070
chr6 161990478 161990479 1.899
chr6 161990479 161990480 0
chr6 161990480 161990481 0
chr6 161990481 161990482 0
chr6 161990482 161990483 0
chr6 161990483 161990484 0
chr6 161990484 161990485 0
chr6 161990485 161990486 0
chr6 161990486 161990487 0
chr6 161990487 161990488 0
chr6 161990488 161990489 0
chr6 161990489 161990490 0
chr6 161990490 161990491 0
chr6 161990491 161990492 0
chr6 161990492 161990493 0
chr6 161990493 161990494 0
chr6 161990494 161990495 0
chr6 161990495 161990496 0
chr6 161990496 161990497 0
chr6 161990497 161990498 0
chr6 161990498 161990499 0
chr6 161990499 161990500 0
chr6 161990500 161990501 0
chr6 161990501 161990502 0
chr6 161990502 161990503 0
chr6 161990503 161990504 0
chr6 161990504 161990505 0
chr6 161990505 161990506 0
chr6 161990506 161990507 0
chr6 161990507 161990508 0
chr6 161990508 161990509 0
chr6 161990509 161990510 0
chr6 161990510 161990511 0
chr6 161990511 161990512 0
chr6 161990512 161990513 0
chr6 161990513 161990514 0
chr6 161990514 161990515 0
chr6 161990515 161990516 0
chr6 161990516 161990517 0
chr6 161990517 161990518 0
chr6 161990518 161990519 0
chr6 161990519 161990520 0
chr6 161990520 161990521 0
chr6 161990521 161990522 0
chr6 161990522 161990523 0
chr6 161990523 161990524 0
chr6 161990524 161990525 0
chr6 161990525 161990526 0
chr6 161990526 161990527 0
chr6 161990527 161990528 0
chr6 161990528 161990529 0
chr6 161990529 161990530 0
chr6 161990530 161990531 0
chr6 161990531 161990532 0
chr6 161990532 161990533 0
chr6 161990533 161990534 0
chr6 161990534 161990535 0
chr6 161990535 161990536 0
chr6 161990536 161990537 0
chr6 161990537 161990538 0
chr6 161990538 161990539 0
chr6 161990539 161990540 0
chr6 161990540 161990541 0
chr6 161990541 161990542 0
chr6 161990542 161990543 0
chr6 161990543 161990544 0
chr6 161990544 161990545 0
chr6 161990545 161990546 0
chr6 161990546 161990547 0
chr6 161990547 161990548 0
chr6 161990548 161990549 0
chr6 161990549 161990550 0
chr6 161990550 161990551 0
chr6 161990551 161990552 0
chr6 161990552 161990553 0
chr6 161990553 161990554 0
chr6 161990554 161990555 0
chr6 161990555 161990556 0
chr6 161990556 161990557 0
chr6 161990557 161990558 0
chr6 161990558 161990559 0

track type=bedGraph name="HNRNPF(Hs/Mm)" description="RBPmap results for HNRNPF(Hs/Mm), motifs: gugkau,gukgykg,gggug" visibility=dense color=70,20,144 maxHeightPixels=30 autoScale=off viewLimits=0:5 windowingFunction=maximum yLineOnOff=on yLineMark=1.6
chr6 161990245 161990246 0
chr6 161990246 161990247 0
chr6 161990247 161990248 0
chr6 161990248 161990249 0
chr6 161990249 161990250 0
chr6 161990250 161990251 0
chr6 161990251 161990252 0
chr6 161990252 161990253 0
chr6 161990253 161990254 0
chr6 161990254 161990255 0
chr6 161990255 161990256 0
chr6 161990256 161990257 0
chr6 161990257 161990258 0
chr6 161990258 161990259 0
chr6 161990259 161990260 0
chr6 161990260 161990261 0
chr6 161990261 161990262 0
chr6 161990262 161990263 0
chr6 161990263 161990264 0
chr6 161990264 161990265 0
chr6 161990265 161990266 0
chr6 161990266 161990267 0
chr6 161990267 161990268 0
chr6 161990268 161990269 0
chr6 161990269 161990270 0
chr6 161990270 161990271 0
chr6 161990271 161990272 0
chr6 161990272 161990273 0
chr6 161990273 161990274 0
chr6 161990274 161990275 0
chr6 161990275 161990276 0
chr6 161990276 161990277 0
chr6 161990277 161990278 0
chr6 161990278 161990279 0
chr6 161990279 161990280 0
chr6 161990280 161990281 0
chr6 161990281 161990282 0
chr6 161990282 161990283 0
chr6 161990283 161990284 0
chr6 161990284 161990285 0
chr6 161990285 161990286 0
chr6 161990286 161990287 0
chr6 161990287 161990288 0
chr6 161990288 161990289 0
chr6 161990289 161990290 0
chr6 161990290 161990291 0
chr6 161990291 161990292 0
chr6 161990292 161990293 0
chr6 161990293 161990294 0
chr6 161990294 161990295 0
chr6 161990295 161990296 0
chr6 161990296 161990297 0
chr6 161990297 161990298 0
chr6 161990298 161990299 0
chr6 161990299 161990300 0
chr6 161990300 161990301 0
chr6 161990301 161990302 0
chr6 161990302 161990303 0
chr6 161990303 161990304 0
chr6 161990304 161990305 0
chr6 161990305 161990306 0
chr6 161990306 161990307 0
chr6 161990307 161990308 0
chr6 161990308 161990309 0
chr6 161990309 161990310 0
chr6 161990310 161990311 0
chr6 161990311 161990312 0
chr6 161990312 161990313 0
chr6 161990313 161990314 0
chr6 161990314 161990315 0
chr6 161990315 161990316 0
chr6 161990316 161990317 0
chr6 161990317 161990318 0
chr6 161990318 161990319 0
chr6 161990319 161990320 0
chr6 161990320 161990321 0
chr6 161990321 161990322 0
chr6 161990322 161990323 0
chr6 161990323 161990324 0
chr6 161990324 161990325 0
chr6 161990325 161990326 0
chr6 161990326 161990327 0
chr6 161990327 161990328 0
chr6 161990328 161990329 0
chr6 161990329 161990330 0
chr6 161990330 161990331 0
chr6 161990331 161990332 0
chr6 161990332 161990333 0
chr6 161990333 161990334 0
chr6 161990334 161990335 0
chr6 161990335 161990336 0
chr6 161990336 161990337 0
chr6 161990337 161990338 0
chr6 161990338 161990339 0
chr6 161990339 161990340 0
chr6 161990340 161990341 0
chr6 161990341 161990342 0
chr6 161990342 161990343 0
chr6 161990343 161990344 0
chr6 161990344 161990345 0
chr6 161990345 161990346 0
chr6 161990346 161990347 0
chr6 161990347 161990348 0
chr6 161990348 161990349 0
chr6 161990349 161990350 0
chr6 161990350 161990351 0
chr6 161990351 161990352 0
chr6 161990352 161990353 0
chr6 161990353 161990354 0
chr6 161990354 161990355 0
chr6 161990355 161990356 0
chr6 161990356 161990357 0
chr6 161990357 161990358 0
chr6 161990358 161990359 0
chr6 161990359 161990360 0
chr6 161990360 161990361 0
chr6 161990361 161990362 0
chr6 161990362 161990363 0
chr6 161990363 161990364 0
chr6 161990364 161990365 0
chr6 161990365 161990366 0
chr6 161990366 161990367 0
chr6 161990367 161990368 0
chr6 161990368 161990369 0
chr6 161990369 161990370 0
chr6 161990370 161990371 0
chr6 161990371 161990372 0
chr6 161990372 161990373 0
chr6 161990373 161990374 0
chr6 161990374 161990375 0
chr6 161990375 161990376 0
chr6 161990376 161990377 0
chr6 161990377 161990378 0
chr6 161990378 161990379 0
chr6 161990379 161990380 0
chr6 161990380 161990381 0
chr6 161990381 161990382 0
chr6 161990382 161990383 0
chr6 161990383 161990384 2.009
chr6 161990384 161990385 0
chr6 161990385 161990386 0
chr6 161990386 161990387 0
chr6 161990387 161990388 2.139
chr6 161990388 161990389 0
chr6 161990389 161990390 0
chr6 161990390 161990391 0
chr6 161990391 161990392 0
chr6 161990392 161990393 0
chr6 161990393 161990394 0
chr6 161990394 161990395 0
chr6 161990395 161990396 0
chr6 161990396 161990397 0
chr6 161990397 161990398 0
chr6 161990398 161990399 1.676
chr6 161990399 161990400 0
chr6 161990400 161990401 0
chr6 161990401 161990402 0
chr6 161990402 161990403 0
chr6 161990403 161990404 0
chr6 161990404 161990405 0
chr6 161990405 161990406 0
chr6 161990406 161990407 0
chr6 161990407 161990408 0
chr6 161990408 161990409 0
chr6 161990409 161990410 0
chr6 161990410 161990411 0
chr6 161990411 161990412 0
chr6 161990412 161990413 0
chr6 161990413 161990414 0
chr6 161990414 161990415 0
chr6 161990415 161990416 0
chr6 161990416 161990417 0
chr6 161990417 161990418 0
chr6 161990418 161990419 0
chr6 161990419 161990420 0
chr6 161990420 161990421 0
chr6 161990421 161990422 0
chr6 161990422 161990423 0
chr6 161990423 161990424 0
chr6 161990424 161990425 0
chr6 161990425 161990426 0
chr6 161990426 161990427 0
chr6 161990427 161990428 0
chr6 161990428 161990429 0
chr6 161990429 161990430 0
chr6 161990430 161990431 0
chr6 161990431 161990432 0
chr6 161990432 161990433 0
chr6 161990433 161990434 0
chr6 161990434 161990435 0
chr6 161990435 161990436 0
chr6 161990436 161990437 0
chr6 161990437 161990438 0
chr6 161990438 161990439 0
chr6 161990439 161990440 0
chr6 161990440 161990441 0
chr6 161990441 161990442 0
chr6 161990442 161990443 0
chr6 161990443 161990444 0
chr6 161990444 161990445 0
chr6 161990445 161990446 0
chr6 161990446 161990447 0
chr6 161990447 161990448 0
chr6 161990448 161990449 0
chr6 161990449 161990450 0
chr6 161990450 161990451 0
chr6 161990451 161990452 0
chr6 161990452 161990453 0
chr6 161990453 161990454 0
chr6 161990454 161990455 0
chr6 161990455 161990456 0
chr6 161990456 161990457 0
chr6 161990457 161990458 0
chr6 161990458 161990459 0
chr6 161990459 161990460 0
chr6 161990460 161990461 0
chr6 161990461 161990462 0
chr6 161990462 161990463 0
chr6 161990463 161990464 0
chr6 161990464 161990465 0
chr6 161990465 161990466 0
chr6 161990466 161990467 0
chr6 161990467 161990468 0
chr6 161990468 161990469 0
chr6 161990469 161990470 0
chr6 161990470 161990471 0
chr6 161990471 161990472 0
chr6 161990472 161990473 0
chr6 161990473 161990474 0
chr6 161990474 161990475 0
chr6 161990475 161990476 0
chr6 161990476 161990477 0
chr6 161990477 161990478 0
chr6 161990478 161990479 0
chr6 161990479 161990480 0
chr6 161990480 161990481 0
chr6 161990481 161990482 0
chr6 161990482 161990483 0
chr6 161990483 161990484 0
chr6 161990484 161990485 0
chr6 161990485 161990486 0
chr6 161990486 161990487 0
chr6 161990487 161990488 0
chr6 161990488 161990489 0
chr6 161990489 161990490 0
chr6 161990490 161990491 0
chr6 161990491 161990492 0
chr6 161990492 161990493 0
chr6 161990493 161990494 0
chr6 161990494 161990495 0
chr6 161990495 161990496 0
chr6 161990496 161990497 0
chr6 161990497 161990498 0
chr6 161990498 161990499 0
chr6 161990499 161990500 0
chr6 161990500 161990501 0
chr6 161990501 161990502 0
chr6 161990502 161990503 0
chr6 161990503 161990504 0
chr6 161990504 161990505 0
chr6 161990505 161990506 0
chr6 161990506 161990507 0
chr6 161990507 161990508 0
chr6 161990508 161990509 0
chr6 161990509 161990510 0
chr6 161990510 161990511 0
chr6 161990511 161990512 0
chr6 161990512 161990513 0
chr6 161990513 161990514 0
chr6 161990514 161990515 0
chr6 161990515 161990516 0
chr6 161990516 161990517 0
chr6 161990517 161990518 0
chr6 161990518 161990519 0
chr6 161990519 161990520 0
chr6 161990520 161990521 0
chr6 161990521 161990522 0
chr6 161990522 161990523 0
chr6 161990523 161990524 0
chr6 161990524 161990525 0
chr6 161990525 161990526 0
chr6 161990526 161990527 0
chr6 161990527 161990528 0
chr6 161990528 161990529 0
chr6 161990529 161990530 0
chr6 161990530 161990531 0
chr6 161990531 161990532 0
chr6 161990532 161990533 0
chr6 161990533 161990534 0
chr6 161990534 161990535 0
chr6 161990535 161990536 0
chr6 161990536 161990537 0
chr6 161990537 161990538 0
chr6 161990538 161990539 0
chr6 161990539 161990540 0
chr6 161990540 161990541 0
chr6 161990541 161990542 0
chr6 161990542 161990543 0
chr6 161990543 161990544 0
chr6 161990544 161990545 0
chr6 161990545 161990546 0
chr6 161990546 161990547 0
chr6 161990547 161990548 0
chr6 161990548 161990549 0
chr6 161990549 161990550 0
chr6 161990550 161990551 0
chr6 161990551 161990552 0
chr6 161990552 161990553 0
chr6 161990553 161990554 0
chr6 161990554 161990555 0
chr6 161990555 161990556 0
chr6 161990556 161990557 0
chr6 161990557 161990558 0
chr6 161990558 161990559 0

track type=bedGraph name="HNRNPH1(Hs/Mm)" description="RBPmap results for HNRNPH1(Hs/Mm), motif: gargag" visibility=dense color=187,153,127 maxHeightPixels=30 autoScale=off viewLimits=0:5 windowingFunction=maximum yLineOnOff=on yLineMark=1.6
chr6 161990245 161990246 0
chr6 161990246 161990247 0
chr6 161990247 161990248 0
chr6 161990248 161990249 0
chr6 161990249 161990250 0
chr6 161990250 161990251 0
chr6 161990251 161990252 0
chr6 161990252 161990253 0
chr6 161990253 161990254 0
chr6 161990254 161990255 0
chr6 161990255 161990256 0
chr6 161990256 161990257 0
chr6 161990257 161990258 0
chr6 161990258 161990259 0
chr6 161990259 161990260 0
chr6 161990260 161990261 0
chr6 161990261 161990262 0
chr6 161990262 161990263 0
chr6 161990263 161990264 0
chr6 161990264 161990265 0
chr6 161990265 161990266 0
chr6 161990266 161990267 0
chr6 161990267 161990268 0
chr6 161990268 161990269 0
chr6 161990269 161990270 0
chr6 161990270 161990271 0
chr6 161990271 161990272 0
chr6 161990272 161990273 0
chr6 161990273 161990274 0
chr6 161990274 161990275 0
chr6 161990275 161990276 0
chr6 161990276 161990277 0
chr6 161990277 161990278 0
chr6 161990278 161990279 0
chr6 161990279 161990280 0
chr6 161990280 161990281 0
chr6 161990281 161990282 0
chr6 161990282 161990283 0
chr6 161990283 161990284 0
chr6 161990284 161990285 0
chr6 161990285 161990286 0
chr6 161990286 161990287 0
chr6 161990287 161990288 0
chr6 161990288 161990289 0
chr6 161990289 161990290 0
chr6 161990290 161990291 0
chr6 161990291 161990292 0
chr6 161990292 161990293 0
chr6 161990293 161990294 0
chr6 161990294 161990295 0
chr6 161990295 161990296 0
chr6 161990296 161990297 0
chr6 161990297 161990298 0
chr6 161990298 161990299 0
chr6 161990299 161990300 0
chr6 161990300 161990301 0
chr6 161990301 161990302 0
chr6 161990302 161990303 0
chr6 161990303 161990304 0
chr6 161990304 161990305 0
chr6 161990305 161990306 0
chr6 161990306 161990307 0
chr6 161990307 161990308 0
chr6 161990308 161990309 0
chr6 161990309 161990310 0
chr6 161990310 161990311 0
chr6 161990311 161990312 0
chr6 161990312 161990313 0
chr6 161990313 161990314 0
chr6 161990314 161990315 0
chr6 161990315 161990316 0
chr6 161990316 161990317 0
chr6 161990317 161990318 0
chr6 161990318 161990319 0
chr6 161990319 161990320 0
chr6 161990320 161990321 0
chr6 161990321 161990322 0
chr6 161990322 161990323 0
chr6 161990323 161990324 0
chr6 161990324 161990325 0
chr6 161990325 161990326 0
chr6 161990326 161990327 0
chr6 161990327 161990328 0
chr6 161990328 161990329 0
chr6 161990329 161990330 0
chr6 161990330 161990331 0
chr6 161990331 161990332 0
chr6 161990332 161990333 0
chr6 161990333 161990334 0
chr6 161990334 161990335 0
chr6 161990335 161990336 0
chr6 161990336 161990337 0
chr6 161990337 161990338 0
chr6 161990338 161990339 0
chr6 161990339 161990340 0
chr6 161990340 161990341 0
chr6 161990341 161990342 0
chr6 161990342 161990343 0
chr6 161990343 161990344 0
chr6 161990344 161990345 0
chr6 161990345 161990346 0
chr6 161990346 161990347 0
chr6 161990347 161990348 0
chr6 161990348 161990349 0
chr6 161990349 161990350 0
chr6 161990350 161990351 0
chr6 161990351 161990352 0
chr6 161990352 161990353 0
chr6 161990353 161990354 0
chr6 161990354 161990355 0
chr6 161990355 161990356 0
chr6 161990356 161990357 0
chr6 161990357 161990358 0
chr6 161990358 161990359 0
chr6 161990359 161990360 0
chr6 161990360 161990361 0
chr6 161990361 161990362 0
chr6 161990362 161990363 0
chr6 161990363 161990364 0
chr6 161990364 161990365 0
chr6 161990365 161990366 0
chr6 161990366 161990367 0
chr6 161990367 161990368 0
chr6 161990368 161990369 0
chr6 161990369 161990370 0
chr6 161990370 161990371 0
chr6 161990371 161990372 0
chr6 161990372 161990373 0
chr6 161990373 161990374 0
chr6 161990374 161990375 0
chr6 161990375 161990376 0
chr6 161990376 161990377 0
chr6 161990377 161990378 0
chr6 161990378 161990379 0
chr6 161990379 161990380 0
chr6 161990380 161990381 0
chr6 161990381 161990382 0
chr6 161990382 161990383 0
chr6 161990383 161990384 0
chr6 161990384 161990385 0
chr6 161990385 161990386 0
chr6 161990386 161990387 0
chr6 161990387 161990388 0
chr6 161990388 161990389 0
chr6 161990389 161990390 0
chr6 161990390 161990391 0
chr6 161990391 161990392 0
chr6 161990392 161990393 0
chr6 161990393 161990394 0
chr6 161990394 161990395 2.626
chr6 161990395 161990396 0
chr6 161990396 161990397 0
chr6 161990397 161990398 0
chr6 161990398 161990399 0
chr6 161990399 161990400 0
chr6 161990400 161990401 0
chr6 161990401 161990402 0
chr6 161990402 161990403 0
chr6 161990403 161990404 0
chr6 161990404 161990405 0
chr6 161990405 161990406 0
chr6 161990406 161990407 0
chr6 161990407 161990408 0
chr6 161990408 161990409 0
chr6 161990409 161990410 0
chr6 161990410 161990411 0
chr6 161990411 161990412 0
chr6 161990412 161990413 0
chr6 161990413 161990414 0
chr6 161990414 161990415 0
chr6 161990415 161990416 0
chr6 161990416 161990417 0
chr6 161990417 161990418 0
chr6 161990418 161990419 0
chr6 161990419 161990420 0
chr6 161990420 161990421 0
chr6 161990421 161990422 0
chr6 161990422 161990423 0
chr6 161990423 161990424 0
chr6 161990424 161990425 0
chr6 161990425 161990426 0
chr6 161990426 161990427 0
chr6 161990427 161990428 0
chr6 161990428 161990429 0
chr6 161990429 161990430 0
chr6 161990430 161990431 0
chr6 161990431 161990432 0
chr6 161990432 161990433 0
chr6 161990433 161990434 0
chr6 161990434 161990435 0
chr6 161990435 161990436 0
chr6 161990436 161990437 0
chr6 161990437 161990438 0
chr6 161990438 161990439 0
chr6 161990439 161990440 0
chr6 161990440 161990441 0
chr6 161990441 161990442 0
chr6 161990442 161990443 0
chr6 161990443 161990444 0
chr6 161990444 161990445 0
chr6 161990445 161990446 0
chr6 161990446 161990447 0
chr6 161990447 161990448 0
chr6 161990448 161990449 0
chr6 161990449 161990450 0
chr6 161990450 161990451 0
chr6 161990451 161990452 0
chr6 161990452 161990453 0
chr6 161990453 161990454 0
chr6 161990454 161990455 0
chr6 161990455 161990456 0
chr6 161990456 161990457 0
chr6 161990457 161990458 0
chr6 161990458 161990459 0
chr6 161990459 161990460 0
chr6 161990460 161990461 0
chr6 161990461 161990462 0
chr6 161990462 161990463 0
chr6 161990463 161990464 0
chr6 161990464 161990465 0
chr6 161990465 161990466 0
chr6 161990466 161990467 0
chr6 161990467 161990468 0
chr6 161990468 161990469 0
chr6 161990469 161990470 0
chr6 161990470 161990471 0
chr6 161990471 161990472 0
chr6 161990472 161990473 0
chr6 161990473 161990474 0
chr6 161990474 161990475 0
chr6 161990475 161990476 0
chr6 161990476 161990477 0
chr6 161990477 161990478 0
chr6 161990478 161990479 0
chr6 161990479 161990480 0
chr6 161990480 161990481 0
chr6 161990481 161990482 0
chr6 161990482 161990483 0
chr6 161990483 161990484 0
chr6 161990484 161990485 0
chr6 161990485 161990486 0
chr6 161990486 161990487 0
chr6 161990487 161990488 0
chr6 161990488 161990489 0
chr6 161990489 161990490 0
chr6 161990490 161990491 0
chr6 161990491 161990492 0
chr6 161990492 161990493 0
chr6 161990493 161990494 0
chr6 161990494 161990495 0
chr6 161990495 161990496 0
chr6 161990496 161990497 0
chr6 161990497 161990498 0
chr6 161990498 161990499 0
chr6 161990499 161990500 0
chr6 161990500 161990501 0
chr6 161990501 161990502 0
chr6 161990502 161990503 0
chr6 161990503 161990504 0
chr6 161990504 161990505 0
chr6 161990505 161990506 0
chr6 161990506 161990507 0
chr6 161990507 161990508 0
chr6 161990508 161990509 0
chr6 161990509 161990510 0
chr6 161990510 161990511 0
chr6 161990511 161990512 0
chr6 161990512 161990513 0
chr6 161990513 161990514 0
chr6 161990514 161990515 0
chr6 161990515 161990516 0
chr6 161990516 161990517 0
chr6 161990517 161990518 0
chr6 161990518 161990519 0
chr6 161990519 161990520 0
chr6 161990520 161990521 0
chr6 161990521 161990522 0
chr6 161990522 161990523 0
chr6 161990523 161990524 0
chr6 161990524 161990525 0
chr6 161990525 161990526 0
chr6 161990526 161990527 0
chr6 161990527 161990528 0
chr6 161990528 161990529 0
chr6 161990529 161990530 0
chr6 161990530 161990531 0
chr6 161990531 161990532 0
chr6 161990532 161990533 0
chr6 161990533 161990534 0
chr6 161990534 161990535 0
chr6 161990535 161990536 0
chr6 161990536 161990537 0
chr6 161990537 161990538 0
chr6 161990538 161990539 0
chr6 161990539 161990540 0
chr6 161990540 161990541 0
chr6 161990541 161990542 0
chr6 161990542 161990543 0
chr6 161990543 161990544 0
chr6 161990544 161990545 0
chr6 161990545 161990546 0
chr6 161990546 161990547 0
chr6 161990547 161990548 0
chr6 161990548 161990549 0
chr6 161990549 161990550 0
chr6 161990550 161990551 0
chr6 161990551 161990552 0
chr6 161990552 161990553 0
chr6 161990553 161990554 0
chr6 161990554 161990555 0
chr6 161990555 161990556 0
chr6 161990556 161990557 0
chr6 161990557 161990558 0
chr6 161990558 161990559 0

track type=bedGraph name="HNRNPK(Hs/Mm)" description="RBPmap results for HNRNPK(Hs/Mm), motif: ccawmcc" visibility=dense color=119,126,190 maxHeightPixels=30 autoScale=off viewLimits=0:5 windowingFunction=maximum yLineOnOff=on yLineMark=1.6
chr6 161990245 161990246 0
chr6 161990246 161990247 0
chr6 161990247 161990248 0
chr6 161990248 161990249 0
chr6 161990249 161990250 0
chr6 161990250 161990251 0
chr6 161990251 161990252 0
chr6 161990252 161990253 0
chr6 161990253 161990254 0
chr6 161990254 161990255 0
chr6 161990255 161990256 0
chr6 161990256 161990257 0
chr6 161990257 161990258 0
chr6 161990258 161990259 0
chr6 161990259 161990260 0
chr6 161990260 161990261 0
chr6 161990261 161990262 0
chr6 161990262 161990263 0
chr6 161990263 161990264 0
chr6 161990264 161990265 0
chr6 161990265 161990266 0
chr6 161990266 161990267 0
chr6 161990267 161990268 0
chr6 161990268 161990269 0
chr6 161990269 161990270 0
chr6 161990270 161990271 0
chr6 161990271 161990272 0
chr6 161990272 161990273 0
chr6 161990273 161990274 0
chr6 161990274 161990275 0
chr6 161990275 161990276 0
chr6 161990276 161990277 0
chr6 161990277 161990278 0
chr6 161990278 161990279 0
chr6 161990279 161990280 0
chr6 161990280 161990281 0
chr6 161990281 161990282 0
chr6 161990282 161990283 0
chr6 161990283 161990284 0
chr6 161990284 161990285 0
chr6 161990285 161990286 0
chr6 161990286 161990287 0
chr6 161990287 161990288 0
chr6 161990288 161990289 0
chr6 161990289 161990290 0
chr6 161990290 161990291 0
chr6 161990291 161990292 0
chr6 161990292 161990293 0
chr6 161990293 161990294 0
chr6 161990294 161990295 0
chr6 161990295 161990296 0
chr6 161990296 161990297 0
chr6 161990297 161990298 0
chr6 161990298 161990299 0
chr6 161990299 161990300 0
chr6 161990300 161990301 0
chr6 161990301 161990302 0
chr6 161990302 161990303 0
chr6 161990303 161990304 0
chr6 161990304 161990305 0
chr6 161990305 161990306 0
chr6 161990306 161990307 0
chr6 161990307 161990308 0
chr6 161990308 161990309 0
chr6 161990309 161990310 0
chr6 161990310 161990311 0
chr6 161990311 161990312 0
chr6 161990312 161990313 0
chr6 161990313 161990314 0
chr6 161990314 161990315 0
chr6 161990315 161990316 0
chr6 161990316 161990317 0
chr6 161990317 161990318 0
chr6 161990318 161990319 0
chr6 161990319 161990320 0
chr6 161990320 161990321 0
chr6 161990321 161990322 0
chr6 161990322 161990323 0
chr6 161990323 161990324 0
chr6 161990324 161990325 0
chr6 161990325 161990326 0
chr6 161990326 161990327 0
chr6 161990327 161990328 0
chr6 161990328 161990329 0
chr6 161990329 161990330 0
chr6 161990330 161990331 0
chr6 161990331 161990332 0
chr6 161990332 161990333 0
chr6 161990333 161990334 0
chr6 161990334 161990335 0
chr6 161990335 161990336 0
chr6 161990336 161990337 0
chr6 161990337 161990338 0
chr6 161990338 161990339 0
chr6 161990339 161990340 0
chr6 161990340 161990341 0
chr6 161990341 161990342 0
chr6 161990342 161990343 0
chr6 161990343 161990344 0
chr6 161990344 161990345 0
chr6 161990345 161990346 0
chr6 161990346 161990347 0
chr6 161990347 161990348 0
chr6 161990348 161990349 0
chr6 161990349 161990350 0
chr6 161990350 161990351 0
chr6 161990351 161990352 0
chr6 161990352 161990353 0
chr6 161990353 161990354 0
chr6 161990354 161990355 0
chr6 161990355 161990356 0
chr6 161990356 161990357 0
chr6 161990357 161990358 0
chr6 161990358 161990359 0
chr6 161990359 161990360 0
chr6 161990360 161990361 0
chr6 161990361 161990362 0
chr6 161990362 161990363 0
chr6 161990363 161990364 0
chr6 161990364 161990365 0
chr6 161990365 161990366 0
chr6 161990366 161990367 0
chr6 161990367 161990368 0
chr6 161990368 161990369 0
chr6 161990369 161990370 0
chr6 161990370 161990371 0
chr6 161990371 161990372 0
chr6 161990372 161990373 0
chr6 161990373 161990374 0
chr6 161990374 161990375 0
chr6 161990375 161990376 0
chr6 161990376 161990377 0
chr6 161990377 161990378 0
chr6 161990378 161990379 0
chr6 161990379 161990380 0
chr6 161990380 161990381 0
chr6 161990381 161990382 0
chr6 161990382 161990383 0
chr6 161990383 161990384 0
chr6 161990384 161990385 0
chr6 161990385 161990386 0
chr6 161990386 161990387 0
chr6 161990387 161990388 0
chr6 161990388 161990389 0
chr6 161990389 161990390 0
chr6 161990390 161990391 0
chr6 161990391 161990392 0
chr6 161990392 161990393 0
chr6 161990393 161990394 0
chr6 161990394 161990395 0
chr6 161990395 161990396 0
chr6 161990396 161990397 0
chr6 161990397 161990398 0
chr6 161990398 161990399 0
chr6 161990399 161990400 0
chr6 161990400 161990401 0
chr6 161990401 161990402 0
chr6 161990402 161990403 0
chr6 161990403 161990404 0
chr6 161990404 161990405 0
chr6 161990405 161990406 0
chr6 161990406 161990407 0
chr6 161990407 161990408 0
chr6 161990408 161990409 0
chr6 161990409 161990410 0
chr6 161990410 161990411 0
chr6 161990411 161990412 0
chr6 161990412 161990413 0
chr6 161990413 161990414 0
chr6 161990414 161990415 0
chr6 161990415 161990416 0
chr6 161990416 161990417 0
chr6 161990417 161990418 0
chr6 161990418 161990419 0
chr6 161990419 161990420 0
chr6 161990420 161990421 0
chr6 161990421 161990422 0
chr6 161990422 161990423 0
chr6 161990423 161990424 0
chr6 161990424 161990425 0
chr6 161990425 161990426 0
chr6 161990426 161990427 0
chr6 161990427 161990428 0
chr6 161990428 161990429 0
chr6 161990429 161990430 0
chr6 161990430 161990431 0
chr6 161990431 161990432 0
chr6 161990432 161990433 0
chr6 161990433 161990434 0
chr6 161990434 161990435 0
chr6 161990435 161990436 0
chr6 161990436 161990437 0
chr6 161990437 161990438 0
chr6 161990438 161990439 2.388
chr6 161990439 161990440 0
chr6 161990440 161990441 0
chr6 161990441 161990442 0
chr6 161990442 161990443 0
chr6 161990443 161990444 0
chr6 161990444 161990445 0
chr6 161990445 161990446 0
chr6 161990446 161990447 0
chr6 161990447 161990448 0
chr6 161990448 161990449 0
chr6 161990449 161990450 0
chr6 161990450 161990451 0
chr6 161990451 161990452 0
chr6 161990452 161990453 0
chr6 161990453 161990454 0
chr6 161990454 161990455 0
chr6 161990455 161990456 0
chr6 161990456 161990457 0
chr6 161990457 161990458 0
chr6 161990458 161990459 0
chr6 161990459 161990460 0
chr6 161990460 161990461 0
chr6 161990461 161990462 0
chr6 161990462 161990463 0
chr6 161990463 161990464 0
chr6 161990464 161990465 0
chr6 161990465 161990466 0
chr6 161990466 161990467 0
chr6 161990467 161990468 0
chr6 161990468 161990469 0
chr6 161990469 161990470 0
chr6 161990470 161990471 0
chr6 161990471 161990472 0
chr6 161990472 161990473 0
chr6 161990473 161990474 0
chr6 161990474 161990475 0
chr6 161990475 161990476 0
chr6 161990476 161990477 0
chr6 161990477 161990478 0
chr6 161990478 161990479 0
chr6 161990479 161990480 0
chr6 161990480 161990481 0
chr6 161990481 161990482 0
chr6 161990482 161990483 0
chr6 161990483 161990484 0
chr6 161990484 161990485 0
chr6 161990485 161990486 0
chr6 161990486 161990487 0
chr6 161990487 161990488 0
chr6 161990488 161990489 0
chr6 161990489 161990490 0
chr6 161990490 161990491 0
chr6 161990491 161990492 0
chr6 161990492 161990493 0
chr6 161990493 161990494 0
chr6 161990494 161990495 0
chr6 161990495 161990496 0
chr6 161990496 161990497 0
chr6 161990497 161990498 0
chr6 161990498 161990499 0
chr6 161990499 161990500 0
chr6 161990500 161990501 0
chr6 161990501 161990502 0
chr6 161990502 161990503 0
chr6 161990503 161990504 0
chr6 161990504 161990505 0
chr6 161990505 161990506 0
chr6 161990506 161990507 0
chr6 161990507 161990508 0
chr6 161990508 161990509 0
chr6 161990509 161990510 0
chr6 161990510 161990511 0
chr6 161990511 161990512 0
chr6 161990512 161990513 0
chr6 161990513 161990514 0
chr6 161990514 161990515 0
chr6 161990515 161990516 0
chr6 161990516 161990517 0
chr6 161990517 161990518 0
chr6 161990518 161990519 0
chr6 161990519 161990520 0
chr6 161990520 161990521 0
chr6 161990521 161990522 0
chr6 161990522 161990523 0
chr6 161990523 161990524 0
chr6 161990524 161990525 0
chr6 161990525 161990526 0
chr6 161990526 161990527 0
chr6 161990527 161990528 0
chr6 161990528 161990529 0
chr6 161990529 161990530 0
chr6 161990530 161990531 0
chr6 161990531 161990532 0
chr6 161990532 161990533 0
chr6 161990533 161990534 0
chr6 161990534 161990535 0
chr6 161990535 161990536 0
chr6 161990536 161990537 0
chr6 161990537 161990538 0
chr6 161990538 161990539 0
chr6 161990539 161990540 0
chr6 161990540 161990541 0
chr6 161990541 161990542 0
chr6 161990542 161990543 0
chr6 161990543 161990544 0
chr6 161990544 161990545 0
chr6 161990545 161990546 0
chr6 161990546 161990547 0
chr6 161990547 161990548 0
chr6 161990548 161990549 0
chr6 161990549 161990550 0
chr6 161990550 161990551 0
chr6 161990551 161990552 0
chr6 161990552 161990553 0
chr6 161990553 161990554 0
chr6 161990554 161990555 0
chr6 161990555 161990556 0
chr6 161990556 161990557 0
chr6 161990557 161990558 0
chr6 161990558 161990559 0

track type=bedGraph name="HNRNPL(Hs/Mm)" description="RBPmap results for HNRNPL(Hs/Mm), motifs: amayama,acacrav" visibility=dense color=3,125,176 maxHeightPixels=30 autoScale=off viewLimits=0:5 windowingFunction=maximum yLineOnOff=on yLineMark=1.6
chr6 161990245 161990246 0
chr6 161990246 161990247 0
chr6 161990247 161990248 0
chr6 161990248 161990249 0
chr6 161990249 161990250 0
chr6 161990250 161990251 0
chr6 161990251 161990252 0
chr6 161990252 161990253 0
chr6 161990253 161990254 0
chr6 161990254 161990255 0
chr6 161990255 161990256 0
chr6 161990256 161990257 0
chr6 161990257 161990258 0
chr6 161990258 161990259 0
chr6 161990259 161990260 0
chr6 161990260 161990261 0
chr6 161990261 161990262 0
chr6 161990262 161990263 0
chr6 161990263 161990264 0
chr6 161990264 161990265 0
chr6 161990265 161990266 0
chr6 161990266 161990267 0
chr6 161990267 161990268 0
chr6 161990268 161990269 0
chr6 161990269 161990270 0
chr6 161990270 161990271 0
chr6 161990271 161990272 0
chr6 161990272 161990273 0
chr6 161990273 161990274 0
chr6 161990274 161990275 0
chr6 161990275 161990276 0
chr6 161990276 161990277 0
chr6 161990277 161990278 0
chr6 161990278 161990279 0
chr6 161990279 161990280 0
chr6 161990280 161990281 0
chr6 161990281 161990282 0
chr6 161990282 161990283 0
chr6 161990283 161990284 0
chr6 161990284 161990285 0
chr6 161990285 161990286 0
chr6 161990286 161990287 0
chr6 161990287 161990288 0
chr6 161990288 161990289 0
chr6 161990289 161990290 0
chr6 161990290 161990291 0
chr6 161990291 161990292 0
chr6 161990292 161990293 0
chr6 161990293 161990294 0
chr6 161990294 161990295 0
chr6 161990295 161990296 0
chr6 161990296 161990297 0
chr6 161990297 161990298 0
chr6 161990298 161990299 0
chr6 161990299 161990300 0
chr6 161990300 161990301 0
chr6 161990301 161990302 0
chr6 161990302 161990303 0
chr6 161990303 161990304 0
chr6 161990304 161990305 0
chr6 161990305 161990306 0
chr6 161990306 161990307 0
chr6 161990307 161990308 0
chr6 161990308 161990309 0
chr6 161990309 161990310 0
chr6 161990310 161990311 0
chr6 161990311 161990312 0
chr6 161990312 161990313 0
chr6 161990313 161990314 0
chr6 161990314 161990315 0
chr6 161990315 161990316 0
chr6 161990316 161990317 0
chr6 161990317 161990318 0
chr6 161990318 161990319 0
chr6 161990319 161990320 0
chr6 161990320 161990321 0
chr6 161990321 161990322 0
chr6 161990322 161990323 0
chr6 161990323 161990324 0
chr6 161990324 161990325 0
chr6 161990325 161990326 0
chr6 161990326 161990327 0
chr6 161990327 161990328 0
chr6 161990328 161990329 0
chr6 161990329 161990330 0
chr6 161990330 161990331 0
chr6 161990331 161990332 0
chr6 161990332 161990333 0
chr6 161990333 161990334 0
chr6 161990334 161990335 0
chr6 161990335 161990336 0
chr6 161990336 161990337 0
chr6 161990337 161990338 0
chr6 161990338 161990339 0
chr6 161990339 161990340 0
chr6 161990340 161990341 0
chr6 161990341 161990342 0
chr6 161990342 161990343 0
chr6 161990343 161990344 0
chr6 161990344 161990345 0
chr6 161990345 161990346 0
chr6 161990346 161990347 0
chr6 161990347 161990348 0
chr6 161990348 161990349 0
chr6 161990349 161990350 0
chr6 161990350 161990351 0
chr6 161990351 161990352 0
chr6 161990352 161990353 0
chr6 161990353 161990354 0
chr6 161990354 161990355 0
chr6 161990355 161990356 0
chr6 161990356 161990357 0
chr6 161990357 161990358 0
chr6 161990358 161990359 0
chr6 161990359 161990360 0
chr6 161990360 161990361 0
chr6 161990361 161990362 0
chr6 161990362 161990363 0
chr6 161990363 161990364 0
chr6 161990364 161990365 0
chr6 161990365 161990366 0
chr6 161990366 161990367 0
chr6 161990367 161990368 0
chr6 161990368 161990369 0
chr6 161990369 161990370 0
chr6 161990370 161990371 0
chr6 161990371 161990372 0
chr6 161990372 161990373 0
chr6 161990373 161990374 0
chr6 161990374 161990375 0
chr6 161990375 161990376 0
chr6 161990376 161990377 0
chr6 161990377 161990378 0
chr6 161990378 161990379 0
chr6 161990379 161990380 0
chr6 161990380 161990381 0
chr6 161990381 161990382 0
chr6 161990382 161990383 0
chr6 161990383 161990384 0
chr6 161990384 161990385 0
chr6 161990385 161990386 0
chr6 161990386 161990387 0
chr6 161990387 161990388 0
chr6 161990388 161990389 0
chr6 161990389 161990390 0
chr6 161990390 161990391 0
chr6 161990391 161990392 0
chr6 161990392 161990393 0
chr6 161990393 161990394 0
chr6 161990394 161990395 0
chr6 161990395 161990396 0
chr6 161990396 161990397 0
chr6 161990397 161990398 0
chr6 161990398 161990399 0
chr6 161990399 161990400 0
chr6 161990400 161990401 0
chr6 161990401 161990402 0
chr6 161990402 161990403 0
chr6 161990403 161990404 0
chr6 161990404 161990405 0
chr6 161990405 161990406 0
chr6 161990406 161990407 0
chr6 161990407 161990408 0
chr6 161990408 161990409 0
chr6 161990409 161990410 0
chr6 161990410 161990411 0
chr6 161990411 161990412 0
chr6 161990412 161990413 0
chr6 161990413 161990414 0
chr6 161990414 161990415 0
chr6 161990415 161990416 0
chr6 161990416 161990417 0
chr6 161990417 161990418 0
chr6 161990418 161990419 0
chr6 161990419 161990420 0
chr6 161990420 161990421 0
chr6 161990421 161990422 0
chr6 161990422 161990423 0
chr6 161990423 161990424 0
chr6 161990424 161990425 0
chr6 161990425 161990426 0
chr6 161990426 161990427 0
chr6 161990427 161990428 0
chr6 161990428 161990429 0
chr6 161990429 161990430 0
chr6 161990430 161990431 0
chr6 161990431 161990432 0
chr6 161990432 161990433 0
chr6 161990433 161990434 0
chr6 161990434 161990435 0
chr6 161990435 161990436 0
chr6 161990436 161990437 0
chr6 161990437 161990438 0
chr6 161990438 161990439 0
chr6 161990439 161990440 0
chr6 161990440 161990441 0
chr6 161990441 161990442 0
chr6 161990442 161990443 0
chr6 161990443 161990444 0
chr6 161990444 161990445 0
chr6 161990445 161990446 0
chr6 161990446 161990447 0
chr6 161990447 161990448 0
chr6 161990448 161990449 0
chr6 161990449 161990450 0
chr6 161990450 161990451 0
chr6 161990451 161990452 0
chr6 161990452 161990453 0
chr6 161990453 161990454 0
chr6 161990454 161990455 0
chr6 161990455 161990456 0
chr6 161990456 161990457 0
chr6 161990457 161990458 0
chr6 161990458 161990459 0
chr6 161990459 161990460 0
chr6 161990460 161990461 0
chr6 161990461 161990462 0
chr6 161990462 161990463 0
chr6 161990463 161990464 0
chr6 161990464 161990465 0
chr6 161990465 161990466 0
chr6 161990466 161990467 0
chr6 161990467 161990468 0
chr6 161990468 161990469 0
chr6 161990469 161990470 0
chr6 161990470 161990471 0
chr6 161990471 161990472 0
chr6 161990472 161990473 0
chr6 161990473 161990474 0
chr6 161990474 161990475 0
chr6 161990475 161990476 0
chr6 161990476 161990477 0
chr6 161990477 161990478 0
chr6 161990478 161990479 0
chr6 161990479 161990480 0
chr6 161990480 161990481 0
chr6 161990481 161990482 0
chr6 161990482 161990483 0
chr6 161990483 161990484 0
chr6 161990484 161990485 0
chr6 161990485 161990486 0
chr6 161990486 161990487 0
chr6 161990487 161990488 0
chr6 161990488 161990489 0
chr6 161990489 161990490 0
chr6 161990490 161990491 0
chr6 161990491 161990492 0
chr6 161990492 161990493 0
chr6 161990493 161990494 0
chr6 161990494 161990495 0
chr6 161990495 161990496 0
chr6 161990496 161990497 0
chr6 161990497 161990498 3.480
chr6 161990498 161990499 0
chr6 161990499 161990500 0
chr6 161990500 161990501 0
chr6 161990501 161990502 0
chr6 161990502 161990503 0
chr6 161990503 161990504 0
chr6 161990504 161990505 0
chr6 161990505 161990506 3.107
chr6 161990506 161990507 0
chr6 161990507 161990508 0
chr6 161990508 161990509 0
chr6 161990509 161990510 0
chr6 161990510 161990511 0
chr6 161990511 161990512 0
chr6 161990512 161990513 0
chr6 161990513 161990514 0
chr6 161990514 161990515 0
chr6 161990515 161990516 0
chr6 161990516 161990517 0
chr6 161990517 161990518 0
chr6 161990518 161990519 0
chr6 161990519 161990520 0
chr6 161990520 161990521 0
chr6 161990521 161990522 0
chr6 161990522 161990523 0
chr6 161990523 161990524 0
chr6 161990524 161990525 0
chr6 161990525 161990526 0
chr6 161990526 161990527 0
chr6 161990527 161990528 0
chr6 161990528 161990529 0
chr6 161990529 161990530 0
chr6 161990530 161990531 0
chr6 161990531 161990532 0
chr6 161990532 161990533 0
chr6 161990533 161990534 0
chr6 161990534 161990535 0
chr6 161990535 161990536 0
chr6 161990536 161990537 0
chr6 161990537 161990538 0
chr6 161990538 161990539 0
chr6 161990539 161990540 0
chr6 161990540 161990541 0
chr6 161990541 161990542 0
chr6 161990542 161990543 0
chr6 161990543 161990544 0
chr6 161990544 161990545 0
chr6 161990545 161990546 0
chr6 161990546 161990547 0
chr6 161990547 161990548 0
chr6 161990548 161990549 0
chr6 161990549 161990550 0
chr6 161990550 161990551 0
chr6 161990551 161990552 0
chr6 161990552 161990553 0
chr6 161990553 161990554 0
chr6 161990554 161990555 0
chr6 161990555 161990556 0
chr6 161990556 161990557 0
chr6 161990557 161990558 0
chr6 161990558 161990559 0

